00:00:00 3 3 9.976012995 
00:01:00 5 3 9.976012995 
00:02:00 6 3 6.4131512 
00:03:00 5 3 0 
00:04:00 4 3 0 
00:05:00 3 3 0 
00:06:00 2 3 0 
00:07:00 1 3 0 
00:08:00 0 3 0 
00:09:00 0 3 0 
00:10:00 0 3 0 
00:11:00 1 3 5.985607812 
00:12:00 3 3 9.976012995 
00:13:00 4 3 9.976012995 
00:14:00 5 3 9.976012995 
00:15:00 6 5 9.976012995 
00:16:00 7 5 9.976012995 
00:17:00 8 5 6.4131512 
00:18:00 7 5 0 
00:19:00 6 5 0 
00:20:00 5 5 0 
00:21:00 4 5 0 
00:22:00 3 5 0 
00:23:00 2 5 0 
00:24:00 1 5 0 
00:25:00 0 5 0 
00:26:00 1 5 5.985607812 
00:27:00 2 5 9.976012995 
00:28:00 3 5 9.976012995 
00:29:00 4 5 9.976012995 
00:30:00 5 5 9.976012995 
00:31:00 6 5 12.9688169 
00:32:00 8 5 14.96401949 
00:33:00 10 5 14.96401949 
00:34:00 13 5 14.96401949 
00:35:00 14 5 7.781290148 
00:36:00 14 5 4.988006497 
00:37:00 14 5 4.988006497 
00:38:00 14 5 4.988006497 
00:39:00 15 5 4.988006497 
00:40:00 14 5 1.396641825 
00:41:00 13 5 0 
00:42:00 12 5 0 
00:43:00 11 5 0 
00:44:00 10 5 0 
00:45:00 9 4 0 
00:46:00 8 4 0 
00:47:00 7 4 0 
00:48:00 6 4 0 
00:49:00 5 4 0 
00:50:00 4 4 0 
00:51:00 3 4 0 
00:52:00 2 4 0 
00:53:00 1 4 0 
00:54:00 0 4 0 
00:55:00 0 4 0 
00:56:00 0 4 0 
00:57:00 0 4 0 
00:58:00 0 4 0 
00:59:00 0 4 0 
01:00:00 0 4 0 
01:01:00 0 4 0 
01:02:00 0 4 0 
01:03:00 0 4 0 
01:04:00 0 4 0 
01:05:00 0 4 0 
01:06:00 0 4 2.949781514 
01:07:00 1 4 4.91630251 
01:08:00 1 4 4.91630251 
01:09:00 1 4 4.91630251 
01:10:00 1 4 4.91630251 
01:11:00 2 4 7.866084024 
01:12:00 4 4 9.832605021 
01:13:00 5 4 9.832605021 
01:14:00 7 4 9.832605021 
01:15:00 7 4 6.292867219 
01:16:00 8 4 4.91630251 
01:17:00 8 4 4.91630251 
01:18:00 8 4 4.91630251 
01:19:00 8 4 4.91630251 
01:20:00 8 4 1.376564709 
01:21:00 7 4 0 
01:22:00 6 4 0 
01:23:00 5 4 0 
01:24:00 4 4 0 
01:25:00 3 4 0 
01:26:00 2 4 0 
01:27:00 1 4 0 
01:28:00 0 4 0 
01:29:00 0 4 0 
01:30:00 0 4 0 
01:31:00 0 4 0 
01:32:00 0 4 0 
01:33:00 0 4 0 
01:34:00 0 4 0 
01:35:00 0 4 0 
01:36:00 0 4 2.949781514 
01:37:00 1 4 4.91630251 
01:38:00 1 4 4.91630251 
01:39:00 1 4 4.91630251 
01:40:00 1 4 4.91630251 
01:41:00 2 4 4.91630251 
01:42:00 2 4 4.91630251 
01:43:00 2 4 4.91630251 
01:44:00 2 4 2.82687394 
01:45:00 1 5 0 
01:46:00 1 5 5.899563027 
01:47:00 2 5 9.832605021 
01:48:00 3 5 9.832605021 
01:49:00 4 5 9.832605021 
01:50:00 5 5 9.832605021 
01:51:00 6 5 9.832605021 
01:52:00 7 5 9.832605021 
01:53:00 8 5 9.832605021 
01:54:00 9 5 5.65374788 
01:55:00 8 5 0 
01:56:00 7 5 0 
01:57:00 6 5 0 
01:58:00 5 5 0 
01:59:00 4 5 0 
02:00:00 3 3 0 
02:01:00 3 3 2.968050488 
02:02:00 4 3 4.946750801 
02:03:00 4 3 4.946750801 
02:04:00 5 3 4.946750801 
02:05:00 6 3 4.946750801 
02:06:00 6 3 4.946750801 
02:07:00 7 3 4.946750801 
02:08:00 8 3 4.946750801 
02:09:00 8 3 2.844381707 
02:10:00 7 3 0 
02:11:00 6 3 0 
02:12:00 5 3 0 
02:13:00 4 3 0 
02:14:00 3 3 0 
02:15:00 2 3 0 
02:16:00 1 3 0 
02:17:00 0 3 0 
02:18:00 0 3 0 
02:19:00 0 3 0 
02:20:00 0 3 0 
02:21:00 0 3 0 
02:22:00 0 3 0 
02:23:00 0 3 0 
02:24:00 0 3 0 
02:25:00 0 3 0 
02:26:00 0 3 0 
02:27:00 0 3 0 
02:28:00 0 3 0 
02:29:00 0 3 0 
02:30:00 0 4 0 
02:31:00 0 4 2.968050488 
02:32:00 1 4 4.946750801 
02:33:00 1 4 4.946750801 
02:34:00 1 4 4.946750801 
02:35:00 1 4 4.946750801 
02:36:00 2 4 4.946750801 
02:37:00 2 4 4.946750801 
02:38:00 2 4 4.946750801 
02:39:00 2 4 4.946750801 
02:40:00 2 4 3.297833873 
02:41:00 2 4 2.968050488 
02:42:00 2 4 4.946750801 
02:43:00 2 4 4.946750801 
02:44:00 3 4 4.946750801 
02:45:00 3 4 4.946750801 
02:46:00 3 4 4.946750801 
02:47:00 3 4 4.946750801 
02:48:00 4 4 4.946750801 
02:49:00 4 4 4.946750801 
02:50:00 4 4 3.297833873 
02:51:00 3 4 2.968050488 
02:52:00 4 4 4.946750801 
02:53:00 4 4 4.946750801 
02:54:00 4 4 4.946750801 
02:55:00 4 4 4.946750801 
02:56:00 5 4 4.946750801 
02:57:00 5 4 4.946750801 
02:58:00 5 4 4.946750801 
02:59:00 5 4 4.946750801 
03:00:00 5 4 3.415718301 
03:01:00 4 4 0 
03:02:00 3 4 0 
03:03:00 2 4 0 
03:04:00 1 4 0 
03:05:00 0 4 0 
03:06:00 0 4 0 
03:07:00 0 4 0 
03:08:00 0 4 0 
03:09:00 0 4 0 
03:10:00 0 4 0 
03:11:00 0 4 0 
03:12:00 0 4 0 
03:13:00 0 4 0 
03:14:00 0 4 0 
03:15:00 0 4 0 
03:16:00 1 4 6.148292945 
03:17:00 3 4 10.24715488 
03:18:00 4 4 10.24715488 
03:19:00 6 4 10.24715488 
03:20:00 7 4 10.24715488 
03:21:00 9 4 10.24715488 
03:22:00 13 4 10.24715488 
03:23:00 17 4 9.905583036 
03:24:00 16 4 0 
03:25:00 15 4 0 
03:26:00 14 4 0 
03:27:00 13 4 0 
03:28:00 12 4 0 
03:29:00 11 4 0 
03:30:00 10 2 0 
03:31:00 9 2 0 
03:32:00 8 2 0 
03:33:00 7 2 0 
03:34:00 6 2 0 
03:35:00 5 2 0 
03:36:00 4 2 0 
03:37:00 3 2 0 
03:38:00 2 2 0 
03:39:00 1 2 0 
03:40:00 0 2 0 
03:41:00 0 2 0 
03:42:00 0 2 0 
03:43:00 0 2 0 
03:44:00 0 2 0 
03:45:00 0 1 0 
03:46:00 0 1 0 
03:47:00 0 1 0 
03:48:00 0 1 0 
03:49:00 0 1 0 
03:50:00 0 1 0 
03:51:00 0 1 0 
03:52:00 0 1 0 
03:53:00 0 1 0 
03:54:00 0 1 0 
03:55:00 0 1 0 
03:56:00 0 1 0 
03:57:00 0 1 0 
03:58:00 0 1 0 
03:59:00 0 1 0 
04:00:00 0 1 0 
04:01:00 0 1 0 
04:02:00 0 1 0 
04:03:00 0 1 0 
04:04:00 0 1 0 
04:05:00 0 1 0 
04:06:00 0 1 0 
04:07:00 0 1 0 
04:08:00 0 1 0 
04:09:00 0 1 0 
04:10:00 0 1 0 
04:11:00 4 1 5.393092351 
04:12:00 5 1 8.98848723 
04:13:00 5 1 8.98848723 
04:14:00 6 1 8.98848723 
04:15:00 7 5 8.98848723 
04:16:00 8 5 8.98848723 
04:17:00 9 5 8.98848723 
04:18:00 9 5 8.688870973 
04:19:00 8 5 0 
04:20:00 7 5 0 
04:21:00 7 5 5.393092351 
04:22:00 8 5 8.98848723 
04:23:00 9 5 8.98848723 
04:24:00 10 5 8.98848723 
04:25:00 11 5 8.98848723 
04:26:00 10 5 1.947505551 
04:27:00 9 5 0 
04:28:00 8 5 0 
04:29:00 7 5 0 
04:30:00 6 5 0 
04:31:00 5 5 0 
04:32:00 4 5 0 
04:33:00 3 5 0 
04:34:00 2 5 0 
04:35:00 1 5 0 
04:36:00 2 5 10.7861847 
04:37:00 5 5 17.97697446 
04:38:00 8 5 17.97697446 
04:39:00 13 5 17.97697446 
04:40:00 18 5 17.97697446 
04:41:00 18 5 3.895011102 
04:42:00 17 5 0 
04:43:00 16 5 0 
04:44:00 15 5 0 
04:45:00 14 3 0 
04:46:00 13 3 0 
04:47:00 12 3 0 
04:48:00 11 3 0 
04:49:00 10 3 0 
04:50:00 9 3 0 
04:51:00 8 3 0 
04:52:00 7 3 0 
04:53:00 6 3 0 
04:54:00 5 3 0 
04:55:00 4 3 0 
04:56:00 3 3 0 
04:57:00 2 3 0 
04:58:00 1 3 0 
04:59:00 0 3 0 
05:00:00 0 2 0 
05:01:00 0 2 0 
05:02:00 0 2 0 
05:03:00 0 2 0 
05:04:00 0 2 0 
05:05:00 0 2 0 
05:06:00 0 2 0 
05:07:00 0 2 0 
05:08:00 0 2 0 
05:09:00 0 2 0 
05:10:00 0 2 0 
05:11:00 0 2 0 
05:12:00 0 2 0 
05:13:00 0 2 0 
05:14:00 0 2 0 
05:15:00 0 2 0 
05:16:00 0 2 0 
05:17:00 0 2 0 
05:18:00 0 2 0 
05:19:00 0 2 0 
05:20:00 0 2 0 
05:21:00 1 2 2.678725193 
05:22:00 2 2 4.464541977 
05:23:00 3 2 4.464541977 
05:24:00 5 2 4.464541977 
05:25:00 6 2 4.464541977 
05:26:00 7 2 4.464541977 
05:27:00 8 2 4.464541977 
05:28:00 9 2 4.464541977 
05:29:00 11 2 4.464541977 
05:30:00 12 2 4.464541977 
05:31:00 13 2 4.464541977 
05:32:00 14 2 4.464541977 
05:33:00 15 2 3.90647423 
05:34:00 14 2 0 
05:35:00 13 2 0 
05:36:00 12 2 0 
05:37:00 11 2 0 
05:38:00 10 2 0 
05:39:00 9 2 0 
05:40:00 8 2 0 
05:41:00 7 2 0 
05:42:00 6 2 0 
05:43:00 5 2 0 
05:44:00 4 2 0 
05:45:00 3 2 0 
05:46:00 2 2 0 
05:47:00 1 2 0 
05:48:00 0 2 0 
05:49:00 0 2 0 
05:50:00 0 2 0 
05:51:00 0 2 0 
05:52:00 0 2 0 
05:53:00 0 2 0 
05:54:00 0 2 0 
05:55:00 0 2 0 
05:56:00 0 2 0 
05:57:00 0 2 0 
05:58:00 0 2 0 
05:59:00 0 2 0 
06:00:00 0 3 0 
06:01:00 0 3 2.797934054 
06:02:00 1 3 4.663223411 
06:03:00 2 3 4.663223411 
06:04:00 2 3 4.663223411 
06:05:00 3 3 4.663223411 
06:06:00 3 3 4.663223411 
06:07:00 4 3 4.663223411 
06:08:00 4 3 4.663223411 
06:09:00 5 3 4.663223411 
06:10:00 7 3 4.663223411 
06:11:00 11 3 4.663223411 
06:12:00 15 3 4.663223411 
06:13:00 18 3 4.080320485 
06:14:00 17 3 0 
06:15:00 16 1 0 
06:16:00 15 1 0 
06:17:00 14 1 0 
06:18:00 13 1 0 
06:19:00 12 1 0 
06:20:00 11 1 0 
06:21:00 10 1 0 
06:22:00 9 1 0 
06:23:00 8 1 0 
06:24:00 7 1 0 
06:25:00 6 1 0 
06:26:00 5 1 0 
06:27:00 4 1 0 
06:28:00 3 1 0 
06:29:00 2 1 0 
06:30:00 1 1 0 
06:31:00 0 1 0 
06:32:00 0 1 0 
06:33:00 0 1 0 
06:34:00 0 1 0 
06:35:00 0 1 0 
06:36:00 0 1 0 
06:37:00 0 1 0 
06:38:00 0 1 0 
06:39:00 0 1 0 
06:40:00 0 1 0 
06:41:00 0 1 0 
06:42:00 0 1 0 
06:43:00 0 1 0 
06:44:00 0 1 0 
06:45:00 0 2 0 
06:46:00 0 2 0 
06:47:00 0 2 0 
06:48:00 0 2 0 
06:49:00 0 2 0 
06:50:00 0 2 0 
06:51:00 1 2 2.797934054 
06:52:00 2 2 4.663223411 
06:53:00 4 2 4.663223411 
06:54:00 5 2 4.663223411 
06:55:00 5 2 4.663223411 
06:56:00 5 2 4.663223411 
06:57:00 5 2 4.663223411 
06:58:00 5 2 4.663223411 
06:59:00 5 2 4.663223411 
07:00:00 5 5 4.906532742 
07:01:00 5 5 4.906532742 
07:02:00 4 5 2.616817471 
07:03:00 3 5 0 
07:04:00 2 5 0 
07:05:00 1 5 0 
07:06:00 1 5 2.943919653 
07:07:00 1 5 4.906532742 
07:08:00 1 5 4.906532742 
07:09:00 1 5 4.906532742 
07:10:00 1 5 4.906532742 
07:11:00 1 5 7.850452395 
07:12:00 2 5 9.813065485 
07:13:00 3 5 9.813065485 
07:14:00 4 5 9.813065485 
07:15:00 5 5 9.813065485 
07:16:00 6 5 9.813065485 
07:17:00 7 5 7.523350213 
07:18:00 7 5 4.906532742 
07:19:00 7 5 4.906532742 
07:20:00 7 5 4.906532742 
07:21:00 7 5 4.906532742 
07:22:00 6 5 2.616817471 
07:23:00 5 5 0 
07:24:00 4 5 0 
07:25:00 3 5 0 
07:26:00 2 5 0 
07:27:00 1 5 0 
07:28:00 0 5 0 
07:29:00 0 5 0 
07:30:00 0 9 0 
07:31:00 0 9 0 
07:32:00 0 9 0 
07:33:00 0 9 0 
07:34:00 0 9 0 
07:35:00 0 9 0 
07:36:00 0 9 5.887839305 
07:37:00 1 9 9.813065485 
07:38:00 1 9 9.813065485 
07:39:00 1 9 9.813065485 
07:40:00 1 9 9.813065485 
07:41:00 1 9 9.813065485 
07:42:00 1 9 9.813065485 
07:43:00 1 9 9.813065485 
07:44:00 1 9 9.813065485 
07:45:00 0 10 3.271021816 
07:46:00 0 10 5.887839305 
07:47:00 0 10 9.813065485 
07:48:00 0 10 9.813065485 
07:49:00 0 10 9.813065485 
07:50:00 0 10 9.813065485 
07:51:00 1 10 12.75698514 
07:52:00 1 10 14.71959823 
07:53:00 2 10 14.71959823 
07:54:00 2 10 14.71959823 
07:55:00 2 10 8.177554558 
07:56:00 2 10 7.850452395 
07:57:00 2 10 9.813065485 
07:58:00 2 10 9.813065485 
07:59:00 2 10 9.813065485 
08:00:00 1 10 6.194504061 
08:01:00 1 10 7.433404887 
08:02:00 1 10 9.2917561 
08:03:00 1 10 9.2917561 
08:04:00 1 10 9.2917561 
08:05:00 1 10 6.194504061 
08:06:00 1 10 10.22093172 
08:07:00 1 10 13.93763415 
08:08:00 1 10 13.93763415 
08:09:00 2 10 13.93763415 
08:10:00 2 10 10.84038211 
08:11:00 2 10 9.2917561 
08:12:00 2 10 9.2917561 
08:13:00 2 10 9.2917561 
08:14:00 2 10 9.2917561 
08:15:00 2 6 3.097252022 
08:16:00 2 6 5.575053674 
08:17:00 2 6 9.2917561 
08:18:00 3 6 9.2917561 
08:19:00 3 6 9.2917561 
08:20:00 4 6 9.2917561 
08:21:00 4 6 9.2917561 
08:22:00 5 6 9.2917561 
08:23:00 5 6 9.2917561 
08:24:00 5 6 5.497622343 
08:25:00 4 6 0 
08:26:00 3 6 0 
08:27:00 2 6 0 
08:28:00 1 6 0 
08:29:00 0 6 0 
08:30:00 0 3 0 
08:31:00 0 3 2.787526837 
08:32:00 1 3 4.64587805 
08:33:00 2 3 4.64587805 
08:34:00 2 3 4.64587805 
08:35:00 3 3 4.64587805 
08:36:00 3 3 4.64587805 
08:37:00 4 3 4.64587805 
08:38:00 4 3 4.64587805 
08:39:00 4 3 2.748811172 
08:40:00 3 3 0 
08:41:00 2 3 0 
08:42:00 1 3 0 
08:43:00 0 3 0 
08:44:00 0 3 0 
08:45:00 0 3 0 
08:46:00 0 3 2.787526837 
08:47:00 1 3 4.64587805 
08:48:00 2 3 4.64587805 
08:49:00 2 3 4.64587805 
08:50:00 3 3 4.64587805 
08:51:00 3 3 4.64587805 
08:52:00 4 3 4.64587805 
08:53:00 4 3 4.64587805 
08:54:00 4 3 2.748811172 
08:55:00 3 3 0 
08:56:00 2 3 0 
08:57:00 1 3 0 
08:58:00 0 3 0 
08:59:00 0 3 0 
09:00:00 0 5 0 
09:01:00 0 5 2.698716661 
09:02:00 0 5 4.49786109 
09:03:00 0 5 4.49786109 
09:04:00 0 5 4.49786109 
09:05:00 0 5 4.49786109 
09:06:00 1 5 7.196577751 
09:07:00 2 5 8.99572218 
09:08:00 3 5 8.99572218 
09:09:00 3 5 7.159095561 
09:10:00 3 5 4.49786109 
09:11:00 3 5 4.49786109 
09:12:00 3 5 4.49786109 
09:13:00 3 5 4.49786109 
09:14:00 2 5 2.661234471 
09:15:00 1 5 0 
09:16:00 1 5 2.698716661 
09:17:00 1 5 4.49786109 
09:18:00 0 5 4.49786109 
09:19:00 0 5 4.49786109 
09:20:00 0 5 4.49786109 
09:21:00 1 5 9.895294412 
09:22:00 3 5 13.18435531 
09:23:00 4 5 8.99572218 
09:24:00 5 5 8.99572218 
09:25:00 6 5 8.99572218 
09:26:00 6 5 8.99572218 
09:27:00 7 5 8.377266267 
09:28:00 6 5 0 
09:29:00 5 5 0 
09:30:00 4 5 0 
09:31:00 3 5 0 
09:32:00 2 5 0 
09:33:00 1 5 0 
09:34:00 0 5 0 
09:35:00 0 5 0 
09:36:00 1 5 5.397433322 
09:37:00 1 5 8.99572218 
09:38:00 2 5 8.99572218 
09:39:00 3 5 8.99572218 
09:40:00 4 5 8.99572218 
09:41:00 5 5 8.99572218 
09:42:00 7 5 8.377266267 
09:43:00 6 5 0 
09:44:00 5 5 0 
09:45:00 4 3 0 
09:46:00 4 3 2.698716661 
09:47:00 4 3 4.49786109 
09:48:00 5 3 4.49786109 
09:49:00 5 3 4.49786109 
09:50:00 6 3 4.49786109 
09:51:00 6 3 4.49786109 
09:52:00 7 3 4.188633134 
09:53:00 6 3 0 
09:54:00 5 3 0 
09:55:00 4 3 0 
09:56:00 3 3 0 
09:57:00 2 3 0 
09:58:00 1 3 0 
09:59:00 0 3 0 
10:00:00 0 3 0 
10:01:00 0 3 2.816842488 
10:02:00 1 3 4.694737469 
10:03:00 2 3 4.694737469 
10:04:00 2 3 4.694737469 
10:05:00 3 3 4.694737469 
10:06:00 3 3 4.694737469 
10:07:00 4 3 4.371974261 
10:08:00 3 3 0 
10:09:00 2 3 0 
10:10:00 1 3 0 
10:11:00 1 3 2.816842488 
10:12:00 1 3 4.694737469 
10:13:00 2 3 4.694737469 
10:14:00 3 3 4.694737469 
10:15:00 5 2 4.694737469 
10:16:00 6 2 4.694737469 
10:17:00 7 2 4.371974261 
10:18:00 6 2 0 
10:19:00 5 2 0 
10:20:00 4 2 0 
10:21:00 3 2 0 
10:22:00 2 2 0 
10:23:00 1 2 0 
10:24:00 0 2 0 
10:25:00 0 2 0 
10:26:00 0 2 0 
10:27:00 0 2 0 
10:28:00 0 2 0 
10:29:00 0 2 0 
10:30:00 0 2 0 
10:31:00 0 2 0 
10:32:00 0 2 0 
10:33:00 0 2 0 
10:34:00 0 2 0 
10:35:00 0 2 0 
10:36:00 0 2 0 
10:37:00 0 2 0 
10:38:00 0 2 0 
10:39:00 0 2 0 
10:40:00 0 2 0 
10:41:00 1 2 2.816842488 
10:42:00 2 2 4.694737469 
10:43:00 3 2 4.694737469 
10:44:00 3 2 4.694737469 
10:45:00 4 3 4.694737469 
10:46:00 5 3 4.694737469 
10:47:00 4 3 1.502315992 
10:48:00 3 3 0 
10:49:00 2 3 0 
10:50:00 1 3 0 
10:51:00 1 3 2.816842488 
10:52:00 2 3 4.694737469 
10:53:00 2 3 4.694737469 
10:54:00 3 3 4.694737469 
10:55:00 3 3 4.694737469 
10:56:00 4 3 4.694737469 
10:57:00 3 3 1.502315992 
10:58:00 2 3 0 
10:59:00 1 3 0 
11:00:00 0 6 0 
11:01:00 0 6 2.87861189 
11:02:00 0 6 4.797686471 
11:03:00 0 6 4.797686471 
11:04:00 0 6 4.797686471 
11:05:00 0 6 4.797686471 
11:06:00 1 6 10.55491025 
11:07:00 2 6 11.13063261 
11:08:00 3 6 9.595372941 
11:09:00 3 6 9.595372941 
11:10:00 4 6 9.595372941 
11:11:00 4 6 9.595372941 
11:12:00 4 6 3.070519344 
11:13:00 3 6 0 
11:14:00 2 6 0 
11:15:00 1 7 0 
11:16:00 1 7 5.757223779 
11:17:00 1 7 9.595372941 
11:18:00 1 7 9.595372941 
11:19:00 2 7 9.595372941 
11:20:00 2 7 9.595372941 
11:21:00 3 7 15.35259672 
11:22:00 5 7 19.11078445 
11:23:00 5 7 9.595372941 
11:24:00 6 7 9.595372941 
11:25:00 6 7 9.595372941 
11:26:00 7 7 15.35259672 
11:27:00 9 7 19.11078445 
11:28:00 9 7 9.595372941 
11:29:00 10 7 9.595372941 
11:30:00 10 7 9.595372941 
11:31:00 11 7 9.595372941 
11:32:00 11 7 9.515411505 
11:33:00 10 7 0 
11:34:00 9 7 0 
11:35:00 8 7 0 
11:36:00 7 7 0 
11:37:00 6 7 0 
11:38:00 5 7 0 
11:39:00 4 7 0 
11:40:00 3 7 0 
11:41:00 2 7 0 
11:42:00 1 7 0 
11:43:00 0 7 0 
11:44:00 0 7 0 
11:45:00 0 7 0 
11:46:00 0 7 2.87861189 
11:47:00 0 7 4.797686471 
11:48:00 0 7 4.797686471 
11:49:00 0 7 4.797686471 
11:50:00 0 7 4.797686471 
11:51:00 1 7 10.55491025 
11:52:00 2 7 14.35307869 
11:53:00 2 7 9.595372941 
11:54:00 3 7 9.595372941 
11:55:00 3 7 9.595372941 
11:56:00 4 7 9.595372941 
11:57:00 4 7 9.515411505 
11:58:00 3 7 0 
11:59:00 2 7 0 
12:00:00 1 7 0 
12:01:00 1 7 6.621925501 
12:02:00 1 7 11.03654248 
12:03:00 2 7 11.03654248 
12:04:00 3 7 11.03654248 
12:05:00 3 7 11.03654248 
12:06:00 4 7 11.03654248 
12:07:00 4 7 10.94457129 
12:08:00 3 7 0 
12:09:00 2 7 0 
12:10:00 1 7 0 
12:11:00 1 7 3.310962751 
12:12:00 1 7 5.518271238 
12:13:00 0 7 5.518271238 
12:14:00 0 7 5.518271238 
12:15:00 0 11 5.518271238 
12:16:00 1 11 12.14019674 
12:17:00 1 11 16.50882812 
12:18:00 1 11 11.03654248 
12:19:00 1 11 11.03654248 
12:20:00 1 11 11.03654248 
12:21:00 2 11 17.65846798 
12:22:00 3 11 22.07308495 
12:23:00 4 11 22.07308495 
12:24:00 5 11 21.92258666 
12:25:00 5 11 11.03654248 
12:26:00 5 11 11.03654248 
12:27:00 5 11 11.03654248 
12:28:00 5 11 11.03654248 
12:29:00 5 11 10.88604419 
12:30:00 4 11 0 
12:31:00 3 11 3.310962751 
12:32:00 3 11 5.518271238 
12:33:00 2 11 5.518271238 
12:34:00 2 11 5.518271238 
12:35:00 1 11 5.518271238 
12:36:00 1 11 8.829233988 
12:37:00 1 11 11.03654248 
12:38:00 1 11 11.03654248 
12:39:00 1 11 10.96129333 
12:40:00 0 11 5.518271238 
12:41:00 0 11 8.829233988 
12:42:00 1 11 11.03654248 
12:43:00 1 11 11.03654248 
12:44:00 1 11 10.96129333 
12:45:00 0 7 5.518271238 
12:46:00 1 7 8.829233988 
12:47:00 1 7 11.03654248 
12:48:00 2 7 11.03654248 
12:49:00 2 7 10.96129333 
12:50:00 2 7 5.518271238 
12:51:00 2 7 5.518271238 
12:52:00 2 7 5.518271238 
12:53:00 2 7 5.518271238 
12:54:00 1 7 5.443022094 
12:55:00 0 7 0 
12:56:00 0 7 0 
12:57:00 0 7 0 
12:58:00 0 7 0 
12:59:00 0 7 0 
13:00:00 0 7 0 
13:01:00 0 7 3.489058318 
13:02:00 0 7 5.815097183 
13:03:00 0 7 5.815097183 
13:04:00 0 7 5.815097183 
13:05:00 0 7 5.815097183 
13:06:00 1 7 9.304155501 
13:07:00 1 7 11.63019437 
13:08:00 2 7 11.63019437 
13:09:00 3 7 11.5508976 
13:10:00 3 7 5.815097183 
13:11:00 3 7 9.304155501 
13:12:00 4 7 11.63019437 
13:13:00 5 7 11.63019437 
13:14:00 6 7 11.5508976 
13:15:00 6 6 5.815097183 
13:16:00 6 6 5.815097183 
13:17:00 6 6 5.815097183 
13:18:00 6 6 5.815097183 
13:19:00 6 6 5.735800414 
13:20:00 5 6 0 
13:21:00 4 6 3.489058318 
13:22:00 4 6 5.815097183 
13:23:00 4 6 5.815097183 
13:24:00 4 6 5.815097183 
13:25:00 4 6 5.815097183 
13:26:00 4 6 5.815097183 
13:27:00 4 6 5.815097183 
13:28:00 4 6 5.815097183 
13:29:00 3 6 1.090330722 
13:30:00 2 6 0 
13:31:00 1 6 0 
13:32:00 0 6 0 
13:33:00 0 6 0 
13:34:00 0 6 0 
13:35:00 0 6 0 
13:36:00 0 6 0 
13:37:00 0 6 0 
13:38:00 0 6 0 
13:39:00 0 6 0 
13:40:00 0 6 0 
13:41:00 0 6 3.489058318 
13:42:00 0 6 5.815097183 
13:43:00 0 6 5.815097183 
13:44:00 0 6 5.815097183 
13:45:00 0 9 5.815097183 
13:46:00 1 9 12.79321382 
13:47:00 2 9 17.44529155 
13:48:00 3 9 17.44529155 
13:49:00 3 9 12.72052509 
13:50:00 4 9 11.63019437 
13:51:00 5 9 18.608311 
13:52:00 6 9 23.26038873 
13:53:00 8 9 23.26038873 
13:54:00 8 9 13.81085581 
13:55:00 9 9 11.63019437 
13:56:00 9 9 11.63019437 
13:57:00 9 9 11.63019437 
13:58:00 9 9 11.63019437 
13:59:00 9 9 2.180661444 
14:00:00 8 9 0 
14:01:00 7 9 0 
14:02:00 6 9 0 
14:03:00 5 9 0 
14:04:00 4 9 0 
14:05:00 3 9 0 
14:06:00 2 9 3.243183359 
14:07:00 2 9 5.405305585 
14:08:00 1 9 5.405305585 
14:09:00 1 9 5.405305585 
14:10:00 0 9 5.405305585 
14:11:00 0 9 8.648488944 
14:12:00 1 9 10.81061117 
14:13:00 1 9 10.81061117 
14:14:00 1 9 6.418800382 
14:15:00 0 12 5.405305585 
14:16:00 0 12 11.8916723 
14:17:00 1 12 16.21591676 
14:18:00 1 12 16.21591676 
14:19:00 1 12 11.82410597 
14:20:00 1 12 10.81061117 
14:21:00 1 12 14.05379453 
14:22:00 2 12 16.21591676 
14:23:00 2 12 13.32248848 
14:24:00 1 12 5.405305585 
14:25:00 1 12 5.405305585 
14:26:00 1 12 15.13485566 
14:27:00 2 12 21.62122234 
14:28:00 2 12 20.1745082 
14:29:00 3 12 16.21591676 
14:30:00 3 11 16.21591676 
14:31:00 4 11 16.21591676 
14:32:00 4 11 16.21591676 
14:33:00 4 11 11.87577435 
14:34:00 3 11 0 
14:35:00 2 11 0 
14:36:00 2 11 3.243183359 
14:37:00 1 11 5.405305585 
14:38:00 1 11 5.405305585 
14:39:00 0 11 5.405305585 
14:40:00 0 11 5.405305585 
14:41:00 1 11 18.37803902 
14:42:00 3 11 27.02652793 
14:43:00 4 11 25.57981379 
14:44:00 5 11 21.62122234 
14:45:00 6 11 21.62122234 
14:46:00 7 11 21.62122234 
14:47:00 8 11 21.62122234 
14:48:00 8 11 15.8343658 
14:49:00 7 11 0 
14:50:00 6 11 0 
14:51:00 6 11 3.243183359 
14:52:00 5 11 5.405305585 
14:53:00 5 11 5.405305585 
14:54:00 4 11 5.405305585 
14:55:00 4 11 5.405305585 
14:56:00 3 11 5.405305585 
14:57:00 2 11 5.405305585 
14:58:00 2 11 3.958591449 
14:59:00 1 11 0 
15:00:00 0 11 0 
15:01:00 0 11 6.572603171 
15:02:00 0 11 10.95433859 
15:03:00 0 11 10.95433859 
15:04:00 0 11 10.95433859 
15:05:00 0 11 10.95433859 
15:06:00 1 11 14.24064018 
15:07:00 1 11 16.43150789 
15:08:00 2 11 13.49961139 
15:09:00 1 11 5.477169295 
15:10:00 1 11 5.477169295 
15:11:00 1 11 12.04977247 
15:12:00 1 11 16.43150789 
15:13:00 1 11 14.96555964 
15:14:00 2 11 10.95433859 
15:15:00 3 6 10.95433859 
15:16:00 4 6 10.95433859 
15:17:00 5 6 10.95433859 
15:18:00 5 6 8.022442097 
15:19:00 4 6 0 
15:20:00 3 6 0 
15:21:00 2 6 0 
15:22:00 1 6 0 
15:23:00 0 6 0 
15:24:00 0 6 0 
15:25:00 0 6 0 
15:26:00 0 6 3.286301585 
15:27:00 0 6 5.477169295 
15:28:00 0 6 5.477169295 
15:29:00 0 6 5.477169295 
15:30:00 0 6 5.477169295 
15:31:00 1 6 8.763470881 
15:32:00 2 6 10.3153355 
15:33:00 2 6 5.477169295 
15:34:00 2 6 5.477169295 
15:35:00 1 6 5.477169295 
15:36:00 2 6 8.763470881 
15:37:00 3 6 10.3153355 
15:38:00 3 6 5.477169295 
15:39:00 2 6 5.477169295 
15:40:00 2 6 5.477169295 
15:41:00 2 6 5.477169295 
15:42:00 2 6 4.838166208 
15:43:00 1 6 0 
15:44:00 0 6 0 
15:45:00 0 4 0 
15:46:00 0 4 3.286301585 
15:47:00 1 4 5.477169295 
15:48:00 1 4 5.477169295 
15:49:00 2 4 5.477169295 
15:50:00 2 4 5.477169295 
15:51:00 2 4 5.477169295 
15:52:00 3 4 4.838166208 
15:53:00 2 4 0 
15:54:00 1 4 0 
15:55:00 0 4 0 
15:56:00 0 4 3.286301585 
15:57:00 1 4 5.477169295 
15:58:00 1 4 5.477169295 
15:59:00 2 4 5.477169295 
16:00:00 2 4 5.125745872 
16:01:00 3 4 8.201193403 
16:02:00 4 4 9.653488056 
16:03:00 5 4 5.125745872 
16:04:00 5 4 5.125745872 
16:05:00 5 4 5.125745872 
16:06:00 5 4 5.125745872 
16:07:00 6 4 4.527742184 
16:08:00 5 4 0 
16:09:00 4 4 0 
16:10:00 3 4 0 
16:11:00 2 4 0 
16:12:00 1 4 0 
16:13:00 0 4 0 
16:14:00 0 4 0 
16:15:00 0 4 0 
16:16:00 0 4 0 
16:17:00 0 4 0 
16:18:00 0 4 0 
16:19:00 0 4 0 
16:20:00 0 4 0 
16:21:00 0 4 3.075447531 
16:22:00 1 4 5.125745872 
16:23:00 1 4 5.125745872 
16:24:00 1 4 5.125745872 
16:25:00 2 4 5.125745872 
16:26:00 3 4 8.201193403 
16:27:00 3 4 10.25149174 
16:28:00 3 4 10.25149174 
16:29:00 3 4 8.95034087 
16:30:00 3 10 5.125745872 
16:31:00 2 10 5.125745872 
16:32:00 2 10 5.125745872 
16:33:00 1 10 5.125745872 
16:34:00 1 10 3.824594998 
16:35:00 0 10 0 
16:36:00 0 10 9.226342592 
16:37:00 1 10 15.37723762 
16:38:00 2 10 15.37723762 
16:39:00 2 10 15.37723762 
16:40:00 3 10 15.37723762 
16:41:00 3 10 15.37723762 
16:42:00 4 10 15.37723762 
16:43:00 4 10 15.37723762 
16:44:00 4 10 11.47378499 
16:45:00 3 10 0 
16:46:00 3 10 6.150895062 
16:47:00 3 10 10.25149174 
16:48:00 3 10 10.25149174 
16:49:00 3 10 10.25149174 
16:50:00 3 10 10.25149174 
16:51:00 3 10 10.25149174 
16:52:00 3 10 10.25149174 
16:53:00 3 10 10.25149174 
16:54:00 3 10 7.649189996 
16:55:00 2 10 0 
16:56:00 1 10 3.075447531 
16:57:00 1 10 5.125745872 
16:58:00 0 10 5.125745872 
16:59:00 0 10 5.125745872 
17:00:00 0 11 4.949159685 
17:01:00 0 11 10.88815132 
17:02:00 1 11 14.84747905 
17:03:00 1 11 14.84747905 
17:04:00 1 11 13.5911539 
17:05:00 1 11 9.898319369 
17:06:00 2 11 12.86781519 
17:07:00 2 11 14.84747905 
17:08:00 2 11 14.84747905 
17:09:00 2 11 12.33482875 
17:10:00 2 11 4.949159685 
17:11:00 2 11 10.88815132 
17:12:00 2 11 14.84747905 
17:13:00 3 11 14.84747905 
17:14:00 4 11 13.5911539 
17:15:00 4 7 9.898319369 
17:16:00 5 7 12.86781519 
17:17:00 6 7 14.84747905 
17:18:00 7 7 14.84747905 
17:19:00 8 7 12.33482875 
17:20:00 8 7 4.949159685 
17:21:00 8 7 4.949159685 
17:22:00 7 7 4.949159685 
17:23:00 6 7 0.522411306 
17:24:00 5 7 0 
17:25:00 4 7 0 
17:26:00 3 7 0 
17:27:00 2 7 0 
17:28:00 1 7 0 
17:29:00 0 7 0 
17:30:00 0 7 0 
17:31:00 0 7 0 
17:32:00 0 7 0 
17:33:00 0 7 0 
17:34:00 0 7 0 
17:35:00 0 7 0 
17:36:00 0 7 2.969495818 
17:37:00 0 7 4.949159685 
17:38:00 0 7 4.949159685 
17:39:00 0 7 4.949159685 
17:40:00 0 7 4.949159685 
17:41:00 1 7 10.88815132 
17:42:00 2 7 14.84747905 
17:43:00 3 7 10.42073068 
17:44:00 3 7 9.898319369 
17:45:00 3 7 9.898319369 
17:46:00 4 7 12.86781519 
17:47:00 5 7 14.84747905 
17:48:00 5 7 5.993982296 
17:49:00 5 7 4.949159685 
17:50:00 5 7 4.949159685 
17:51:00 5 7 7.918655503 
17:52:00 5 7 9.898319369 
17:53:00 5 7 5.47157099 
17:54:00 5 7 4.949159685 
17:55:00 4 7 4.949159685 
17:56:00 4 7 4.949159685 
17:57:00 4 7 4.949159685 
17:58:00 3 7 0.522411306 
17:59:00 2 7 0 
18:00:00 1 7 0 
18:01:00 1 7 5.740094927 
18:02:00 1 7 9.566824855 
18:03:00 2 7 9.566824855 
18:04:00 2 7 9.566824855 
18:05:00 2 7 9.566824855 
18:06:00 3 7 9.566824855 
18:07:00 3 7 9.566824855 
18:08:00 2 7 1.009831524 
18:09:00 1 7 0 
18:10:00 0 7 0 
18:11:00 0 7 2.870047464 
18:12:00 0 7 4.783412427 
18:13:00 0 7 4.783412427 
18:14:00 0 7 4.783412427 
18:15:00 0 9 4.783412427 
18:16:00 1 9 13.39355482 
18:17:00 2 9 19.13364971 
18:18:00 3 9 14.85515304 
18:19:00 3 9 14.35023728 
18:20:00 4 9 14.35023728 
18:21:00 5 9 17.22028475 
18:22:00 6 9 15.18733448 
18:23:00 5 9 4.783412427 
18:24:00 5 9 4.783412427 
18:25:00 4 9 4.783412427 
18:26:00 5 9 10.52350735 
18:27:00 6 9 13.03479887 
18:28:00 6 9 9.566824855 
18:29:00 7 9 9.566824855 
18:30:00 8 6 9.566824855 
18:31:00 8 6 9.566824855 
18:32:00 8 6 6.935948034 
18:33:00 7 6 0 
18:34:00 6 6 0 
18:35:00 5 6 0 
18:36:00 4 6 0 
18:37:00 3 6 0 
18:38:00 2 6 0 
18:39:00 1 6 0 
18:40:00 0 6 0 
18:41:00 0 6 2.870047464 
18:42:00 0 6 4.783412427 
18:43:00 0 6 4.783412427 
18:44:00 0 6 4.783412427 
18:45:00 0 6 4.783412427 
18:46:00 1 6 7.653459891 
18:47:00 1 6 8.251386445 
18:48:00 1 6 4.783412427 
18:49:00 1 6 4.783412427 
18:50:00 1 6 4.783412427 
18:51:00 0 6 4.783412427 
18:52:00 0 6 3.467974017 
18:53:00 0 6 0 
18:54:00 0 6 0 
18:55:00 0 6 0 
18:56:00 0 6 2.870047464 
18:57:00 0 6 4.783412427 
18:58:00 0 6 4.783412427 
18:59:00 0 6 4.783412427 
19:00:00 0 7 5.509759551 
19:01:00 0 7 5.509759551 
19:02:00 0 7 3.994575683 
19:03:00 0 7 0 
19:04:00 0 7 0 
19:05:00 0 7 0 
19:06:00 1 7 9.917567216 
19:07:00 2 7 16.52927865 
19:08:00 4 7 16.52927865 
19:09:00 5 7 16.52927865 
19:10:00 6 7 16.52927865 
19:11:00 8 7 16.52927865 
19:12:00 8 7 11.98372705 
19:13:00 7 7 0 
19:14:00 6 7 0 
19:15:00 5 7 0 
19:16:00 4 7 0 
19:17:00 3 7 0 
19:18:00 2 7 0 
19:19:00 1 7 0 
19:20:00 0 7 0 
19:21:00 0 7 6.611711478 
19:22:00 1 7 11.0195191 
19:23:00 2 7 11.0195191 
19:24:00 2 7 11.0195191 
19:25:00 3 7 11.0195191 
19:26:00 3 7 11.0195191 
19:27:00 4 7 11.0195191 
19:28:00 4 7 11.0195191 
19:29:00 3 7 2.135031842 
19:30:00 2 10 0 
19:31:00 1 10 3.305855739 
19:32:00 1 10 5.509759551 
19:33:00 0 10 5.509759551 
19:34:00 0 10 5.509759551 
19:35:00 0 10 5.509759551 
19:36:00 1 10 12.12147103 
19:37:00 1 10 16.52927865 
19:38:00 2 10 16.52927865 
19:39:00 2 10 12.08703502 
19:40:00 2 10 11.0195191 
19:41:00 3 10 14.32537484 
19:42:00 4 10 16.52927865 
19:43:00 5 10 16.52927865 
19:44:00 5 10 7.644791393 
19:45:00 4 8 5.509759551 
19:46:00 4 8 8.81561529 
19:47:00 5 8 11.0195191 
19:48:00 5 8 11.0195191 
19:49:00 5 8 6.577275472 
19:50:00 5 8 5.509759551 
19:51:00 4 8 5.509759551 
19:52:00 4 8 5.509759551 
19:53:00 4 8 5.509759551 
19:54:00 3 8 1.067515921 
19:55:00 2 8 0 
19:56:00 1 8 3.305855739 
19:57:00 1 8 5.509759551 
19:58:00 1 8 5.509759551 
19:59:00 0 8 5.509759551 
20:00:00 5 1 5.108896972 
20:01:00 9 1 5.108896972 
20:02:00 13 1 5.108896972 
20:03:00 17 1 5.108896972 
20:04:00 17 1 0.989848796 
20:05:00 16 1 0 
20:06:00 15 1 0 
20:07:00 14 1 0 
20:08:00 13 1 0 
20:09:00 12 1 0 
20:10:00 11 1 0 
20:11:00 10 1 0 
20:12:00 9 1 0 
20:13:00 8 1 0 
20:14:00 7 1 0 
20:15:00 6 1 0 
20:16:00 5 1 0 
20:17:00 4 1 0 
20:18:00 3 1 0 
20:19:00 2 1 0 
20:20:00 1 1 0 
20:21:00 0 1 0 
20:22:00 0 1 0 
20:23:00 0 1 0 
20:24:00 0 1 0 
20:25:00 0 1 0 
20:26:00 3 1 3.065338191 
20:27:00 7 1 5.108896972 
20:28:00 11 1 5.108896972 
20:29:00 15 1 5.108896972 
20:30:00 15 1 5.108896972 
20:31:00 15 1 5.108896972 
20:32:00 15 1 4.385136573 
20:33:00 14 1 0 
20:34:00 13 1 0 
20:35:00 12 1 0 
20:36:00 11 1 0 
20:37:00 10 1 0 
20:38:00 9 1 0 
20:39:00 8 1 0 
20:40:00 7 1 0 
20:41:00 6 1 0 
20:42:00 5 1 0 
20:43:00 4 1 0 
20:44:00 3 1 0 
20:45:00 2 6 0 
20:46:00 1 6 0 
20:47:00 0 6 0 
20:48:00 0 6 0 
20:49:00 0 6 0 
20:50:00 0 6 0 
20:51:00 1 6 6.130676382 
20:52:00 1 6 10.21779394 
20:53:00 2 6 10.21779394 
20:54:00 3 6 10.21779394 
20:55:00 3 6 10.21779394 
20:56:00 5 6 13.28313213 
20:57:00 6 6 13.87917012 
20:58:00 6 6 5.108896972 
20:59:00 6 6 5.108896972 
21:00:00 5 6 4.9338141 
21:01:00 6 6 7.894102567 
21:02:00 6 6 9.168671207 
21:03:00 6 6 4.9338141 
21:04:00 6 6 4.9338141 
21:05:00 6 6 4.9338141 
21:06:00 6 6 4.9338141 
21:07:00 5 6 4.234857107 
21:08:00 4 6 0 
21:09:00 3 6 0 
21:10:00 2 6 0 
21:11:00 2 6 2.960288467 
21:12:00 2 6 4.9338141 
21:13:00 1 6 4.9338141 
21:14:00 1 6 4.9338141 
21:15:00 1 6 4.9338141 
21:16:00 1 6 7.894102567 
21:17:00 2 6 9.168671207 
21:18:00 2 6 4.9338141 
21:19:00 1 6 4.9338141 
21:20:00 1 6 4.9338141 
21:21:00 1 6 4.9338141 
21:22:00 1 6 4.9338141 
21:23:00 1 6 3.49162228 
21:24:00 0 6 0 
21:25:00 0 6 0 
21:26:00 0 6 2.960288467 
21:27:00 0 6 4.9338141 
21:28:00 0 6 4.9338141 
21:29:00 0 6 4.9338141 
21:30:00 0 8 4.9338141 
21:31:00 0 8 4.9338141 
21:32:00 0 8 4.9338141 
21:33:00 0 8 3.49162228 
21:34:00 0 8 0 
21:35:00 0 8 0 
21:36:00 0 8 5.920576935 
21:37:00 1 8 9.8676282 
21:38:00 1 8 9.8676282 
21:39:00 1 8 9.8676282 
21:40:00 1 8 9.8676282 
21:41:00 2 8 12.82791667 
21:42:00 3 8 14.8014423 
21:43:00 3 8 11.91705866 
21:44:00 2 8 4.9338141 
21:45:00 1 14 4.9338141 
21:46:00 1 14 10.85439103 
21:47:00 1 14 14.8014423 
21:48:00 1 14 13.35925048 
21:49:00 1 14 9.8676282 
21:50:00 0 14 9.8676282 
21:51:00 1 14 15.78820513 
21:52:00 1 14 19.7352564 
21:53:00 1 14 16.85087276 
21:54:00 1 14 9.8676282 
21:55:00 1 14 9.8676282 
21:56:00 1 14 15.78820513 
21:57:00 1 14 19.7352564 
21:58:00 1 14 16.85087276 
21:59:00 2 14 9.8676282 
22:00:00 2 6 9.628062266 
22:01:00 3 6 9.628062266 
22:02:00 4 6 9.628062266 
22:03:00 4 6 6.813705592 
22:04:00 3 6 0 
22:05:00 2 6 0 
22:06:00 1 6 2.888418687 
22:07:00 1 6 4.814031133 
22:08:00 1 6 4.814031133 
22:09:00 1 6 4.814031133 
22:10:00 1 6 4.814031133 
22:11:00 1 6 7.70244982 
22:12:00 1 6 9.628062266 
22:13:00 2 6 8.220883929 
22:14:00 2 6 4.814031133 
22:15:00 1 6 4.814031133 
22:16:00 2 6 7.70244982 
22:17:00 2 6 9.628062266 
22:18:00 3 6 8.220883929 
22:19:00 2 6 4.814031133 
22:20:00 2 6 4.814031133 
22:21:00 2 6 4.814031133 
22:22:00 2 6 4.49926756 
22:23:00 1 6 0 
22:24:00 0 6 0 
22:25:00 0 6 0 
22:26:00 0 6 0 
22:27:00 0 6 0 
22:28:00 0 6 0 
22:29:00 0 6 0 
22:30:00 0 7 0 
22:31:00 0 7 2.888418687 
22:32:00 0 7 4.814031133 
22:33:00 0 7 4.814031133 
22:34:00 0 7 4.814031133 
22:35:00 0 7 4.814031133 
22:36:00 1 7 10.59086851 
22:37:00 2 7 14.12732983 
22:38:00 2 7 9.628062266 
22:39:00 3 7 9.628062266 
22:40:00 3 7 9.628062266 
22:41:00 4 7 9.628062266 
22:42:00 4 7 8.99853512 
22:43:00 3 7 0 
22:44:00 2 7 0 
22:45:00 1 8 0 
22:46:00 1 8 11.55367475 
22:47:00 3 8 19.25612453 
22:48:00 4 8 19.25612453 
22:49:00 5 8 19.25612453 
22:50:00 7 8 19.25612453 
22:51:00 8 8 19.25612453 
22:52:00 9 8 17.99707024 
22:53:00 8 8 0 
22:54:00 7 8 0 
22:55:00 6 8 0 
22:56:00 5 8 0 
22:57:00 4 8 0 
22:58:00 3 8 0 
22:59:00 2 8 0 
23:00:00 1 8 0 
23:01:00 1 8 2.896095908 
23:02:00 0 8 4.826826502 
23:03:00 0 8 4.826826502 
23:04:00 0 8 4.826826502 
23:05:00 0 8 4.826826502 
23:06:00 1 8 13.51511423 
23:07:00 3 8 18.99170581 
23:08:00 3 8 14.4804795 
23:09:00 4 8 14.4804795 
23:10:00 5 8 14.4804795 
23:11:00 6 8 17.37657541 
23:12:00 7 8 18.36050543 
23:13:00 7 8 4.826826502 
23:14:00 7 8 4.826826502 
23:15:00 6 8 4.826826502 
23:16:00 7 8 10.61901832 
23:17:00 7 8 14.16487931 
23:18:00 8 8 9.653653003 
23:19:00 8 8 9.653653003 
23:20:00 8 8 9.653653003 
23:21:00 9 8 12.54974891 
23:22:00 9 8 8.386611032 
23:23:00 9 8 4.826826502 
23:24:00 9 8 4.826826502 
23:25:00 8 8 4.826826502 
23:26:00 8 8 4.826826502 
23:27:00 7 8 1.779892265 
23:28:00 6 8 0 
23:29:00 5 8 0 
23:30:00 4 6 0 
23:31:00 3 6 0 
23:32:00 2 6 0 
23:33:00 1 6 0 
23:34:00 0 6 0 
23:35:00 0 6 0 
23:36:00 0 6 5.792191816 
23:37:00 1 6 9.653653003 
23:38:00 2 6 9.653653003 
23:39:00 2 6 9.653653003 
23:40:00 3 6 9.653653003 
23:41:00 4 6 9.653653003 
23:42:00 4 6 3.559784531 
23:43:00 3 6 0 
23:44:00 2 6 0 
23:45:00 1 3 0 
23:46:00 1 3 2.896095908 
23:47:00 1 3 4.826826502 
23:48:00 2 3 4.826826502 
23:49:00 3 3 4.826826502 
23:50:00 3 3 4.826826502 
23:51:00 4 3 4.826826502 
23:52:00 3 3 1.779892265 
23:53:00 2 3 0 
23:54:00 1 3 0 
23:55:00 0 3 0 
23:56:00 0 3 2.896095908 
23:57:00 1 3 4.826826502 
23:58:00 2 3 4.826826502 
23:59:00 2 3 4.826826502 
